0 0 0 0 0 0 9 
0 0 0 0.5 400 -642 1891 0 0 -1 -1
1 1 0 1.5 400 -1661 4896 0 0 -1 -1
2 0 1 0.5 400 -1317 -1501 0 0 -1 -1
3 1 1 1.5 400 -3410 -3886 0 0 -1 -1
4 0 2 0.5 400 1958 -390 0 0 -1 -1
5 1 2 1.5 400 5070 -1010 0 0 -1 -1
6 3 -1 3 650 135 8649 -6 -400 1 5
7 3 -1 3 650 -7558 -4208 349 195 1 5
8 3 -1 3 650 7423 -4441 -343 205 1 5

0 0 0 0 0 0 9 
0 0 0 0.5 400 -546 1607 77 -227 -1 -1
1 1 0 1.5 400 -1597 4707 45 -133 -1 -1
2 0 1 0.5 400 -1053 -1200 211 241 -1 -1
3 1 1 1.5 400 -3543 -3896 -93 -7 -1 -1
4 0 2 0.5 400 1566 -312 -314 63 -1 -1
5 1 2 1.5 400 5145 -1120 53 -77 -1 -1
6 3 -1 3 650 126 8082 -5 -340 1 5
7 3 -1 3 650 -7063 -3932 297 166 1 5
8 3 -1 3 650 6937 -4150 -292 174 1 5

0 0 0 0 0 0 9 
0 0 0 0.5 400 -373 1096 139 -409 -1 -1
1 1 0 1.5 400 -1488 4385 76 -226 -1 -1
2 0 1 0.5 400 -578 -658 380 433 -1 -1
3 1 1 1.5 400 -3769 -3904 -158 -6 -1 -1
4 0 2 0.5 400 860 -171 -565 113 -1 -1
5 1 2 1.5 400 5266 -1312 85 -134 -1 -1
6 3 -1 3 650 118 7575 -5 -304 1 5
7 3 -1 3 650 -6620 -3685 266 148 1 5
8 3 -1 3 650 6502 -3890 -261 156 1 5

0 0 0 0 0 0 9 
0 0 0 0.5 400 -163 477 38 -137 -1 -1
1 1 0 1.5 400 -1348 3970 98 -291 -1 -1
2 0 1 0.5 400 -652 -209 -595 -21 -1 -1
3 1 1 1.5 400 -4028 -3869 -49 153 -1 -1
4 0 2 0.5 400 645 230 495 343 -1 -1
5 1 2 1.5 400 5364 -1554 -109 -119 -1 -1
6 3 -1 3 650 110 7104 -5 -282 1 5
7 3 -1 3 650 -6208 -3456 247 137 1 5
8 3 -1 3 650 6098 -3648 -242 145 1 5

0 0 0 0 0 0 9 
0 0 0 0.5 400 -55 122 71 -266 -1 -1
1 1 0 1.5 400 -1186 3490 114 -336 -1 -1
2 0 1 0.5 400 -928 -168 -238 17 -1 -1
3 1 1 1.5 400 -4208 -3691 -126 124 -1 -1
4 0 2 0.5 400 852 433 197 160 -1 -1
5 1 2 1.5 400 5299 -1799 -45 -171 -1 -1
6 3 -1 3 650 102 6655 -5 -269 1 5
7 3 -1 3 650 -5815 -3238 236 131 1 5
8 3 -1 3 650 5713 -3417 -231 138 1 5

0 0 0 0 0 0 9 
0 0 0 0.5 400 137 -419 153 -433 -1 -1
1 1 0 1.5 400 -1008 2965 125 -368 -1 -1
2 0 1 0.5 400 -772 -80 124 71 -1 -1
3 1 1 1.5 400 -4368 -3448 -110 172 -1 -1
4 0 2 0.5 400 692 412 -128 -17 -1 -1
5 1 2 1.5 400 5171 -2059 -94 -181 -1 -1
6 3 -1 3 650 94 6219 -5 -261 1 5
7 3 -1 3 650 -5433 -3026 229 127 1 5
8 3 -1 3 650 5339 -3193 -224 134 1 5

0 0 0 0 0 0 9 
0 0 0 0.5 400 245 -606 147 -198 -1 -1
1 1 0 1.5 400 -819 2408 133 -390 -1 -1
2 0 1 0.5 400 -491 10 -231 -4 -1 -1
3 1 1 1.5 400 -4578 -3210 -114 191 -1 -1
4 0 2 0.5 400 413 251 171 -4 -1 -1
5 1 2 1.5 400 5069 -2360 -108 -194 -1 -1
6 3 -1 3 650 86 5791 -5 -257 1 5
9 3 -1 3 700 -8300 -2606 382 120 1 6
10 3 -1 3 700 6407 -5885 -295 271 1 6